Topic,Words
0,0.297*to,0.279*effective,0.141*simple,0.079*done,0.077*the,0.048*yet,0.042*well,0.021*developers,0.016*so
1,0.287*yet,0.141*so,0.141*simple,0.135*to,0.084*developers,0.083*effective,0.065*the,0.047*well,0.018*done
2,0.355*yet,0.165*simple,0.155*to,0.145*developers,0.089*well,0.041*effective,0.040*done,0.006*the,0.003*so
3,0.230*to,0.163*the,0.137*done,0.133*so,0.111*yet,0.091*simple,0.071*effective,0.045*well,0.020*developers
4,0.265*to,0.156*yet,0.112*done,0.104*so,0.101*simple,0.099*the,0.089*well,0.060*effective,0.013*developers
5,0.300*developers,0.133*so,0.131*well,0.114*done,0.090*the,0.071*simple,0.061*to,0.051*yet,0.047*effective
6,0.617*done,0.124*well,0.093*the,0.075*developers,0.050*yet,0.023*simple,0.014*effective,0.004*so,0.000*to
7,0.323*developers,0.276*well,0.140*done,0.105*effective,0.102*the,0.045*yet,0.003*to,0.003*so,0.003*simple
8,0.266*to,0.224*yet,0.128*the,0.100*simple,0.098*well,0.073*developers,0.056*so,0.040*effective,0.015*done
9,0.260*well,0.199*effective,0.172*developers,0.115*yet,0.114*so,0.065*to,0.029*done,0.025*the,0.021*simple
10,0.329*yet,0.212*developers,0.170*well,0.127*simple,0.067*to,0.044*effective,0.029*the,0.014*done,0.008*so
11,0.288*so,0.202*simple,0.175*effective,0.109*yet,0.085*done,0.048*the,0.039*developers,0.030*to,0.023*well
12,0.347*well,0.139*developers,0.115*effective,0.100*yet,0.085*done,0.083*to,0.072*simple,0.055*so,0.004*the
13,0.247*to,0.213*done,0.174*effective,0.096*well,0.068*yet,0.068*the,0.062*developers,0.059*simple,0.013*so
14,0.263*so,0.161*well,0.145*simple,0.122*developers,0.094*effective,0.091*done,0.078*the,0.036*to,0.009*yet
15,0.248*simple,0.191*effective,0.183*so,0.117*done,0.112*yet,0.058*developers,0.042*well,0.038*to,0.011*the
16,0.413*to,0.195*well,0.170*done,0.068*so,0.049*the,0.032*yet,0.031*developers,0.024*effective,0.018*simple
17,0.328*simple,0.242*the,0.141*so,0.107*developers,0.090*to,0.059*effective,0.022*well,0.006*done,0.005*yet
18,0.299*the,0.218*to,0.194*so,0.122*well,0.075*developers,0.034*simple,0.023*yet,0.020*effective,0.013*done
19,0.371*developers,0.222*yet,0.091*well,0.072*simple,0.061*the,0.057*to,0.051*so,0.039*done,0.036*effective
