Topic,Words
0,0.518*phone,0.131*on,0.123*when,0.104*can,0.093*i,0.021*turn,0.010*the
1,0.260*phone,0.256*turn,0.146*can,0.138*i,0.082*on,0.061*the,0.058*when
2,0.254*on,0.174*i,0.157*the,0.140*when,0.130*turn,0.099*can,0.046*phone
3,0.290*when,0.277*the,0.178*phone,0.146*i,0.052*on,0.050*can,0.008*turn
4,0.366*the,0.222*when,0.184*i,0.116*on,0.061*phone,0.032*turn,0.019*can
5,0.345*can,0.283*i,0.167*the,0.086*phone,0.076*on,0.024*turn,0.019*when
6,0.571*phone,0.140*i,0.114*can,0.071*when,0.065*on,0.037*turn,0.002*the
7,0.235*the,0.215*on,0.169*phone,0.167*turn,0.157*when,0.047*can,0.010*i
8,0.452*the,0.209*phone,0.145*on,0.093*turn,0.046*i,0.041*can,0.014*when
9,0.317*turn,0.286*i,0.241*can,0.078*on,0.049*when,0.028*phone,0.002*the
10,0.366*the,0.327*can,0.117*when,0.081*on,0.050*phone,0.047*i,0.012*turn
11,0.396*on,0.187*can,0.128*when,0.096*turn,0.090*i,0.053*the,0.050*phone
12,0.390*i,0.330*the,0.102*turn,0.079*when,0.061*phone,0.026*can,0.012*on
13,0.357*the,0.236*on,0.140*phone,0.138*can,0.049*turn,0.048*when,0.032*i
14,0.376*on,0.303*turn,0.121*when,0.077*can,0.056*i,0.055*phone,0.011*the
15,0.415*phone,0.205*the,0.195*i,0.109*turn,0.052*on,0.023*can,0.000*when
16,0.270*the,0.212*on,0.184*phone,0.154*i,0.101*when,0.053*turn,0.027*can
17,0.328*phone,0.259*turn,0.214*can,0.094*the,0.050*on,0.028*when,0.027*i
18,0.471*turn,0.231*the,0.128*on,0.068*can,0.050*when,0.028*phone,0.022*i
19,0.392*the,0.292*can,0.196*phone,0.076*i,0.019*when,0.013*on,0.012*turn
