Topic,Words
0,0.510*connect,0.339*won't,0.151*to
1,0.683*connect,0.310*won't,0.007*to
2,0.703*to,0.209*connect,0.088*won't
3,0.453*connect,0.364*to,0.183*won't
4,0.407*connect,0.377*won't,0.216*to
5,0.612*connect,0.273*won't,0.115*to
6,0.542*won't,0.316*to,0.142*connect
7,0.457*connect,0.423*to,0.120*won't
8,0.604*connect,0.261*to,0.135*won't
9,0.894*to,0.066*connect,0.040*won't
10,0.913*won't,0.057*connect,0.031*to
11,0.484*connect,0.269*to,0.247*won't
12,0.685*to,0.279*won't,0.035*connect
13,0.403*to,0.365*connect,0.232*won't
14,0.457*connect,0.358*won't,0.185*to
15,0.475*won't,0.457*connect,0.068*to
16,0.553*to,0.367*connect,0.081*won't
17,0.522*to,0.378*connect,0.100*won't
18,0.694*to,0.188*won't,0.119*connect
19,0.615*to,0.309*won't,0.076*connect
