Topic,Words
0,0.370*this,0.307*the,0.117*idea,0.081*of,0.064*very,0.031*is,0.030*exciting
1,0.359*idea,0.291*the,0.167*of,0.093*is,0.068*very,0.021*this,0.000*exciting
2,0.328*this,0.325*very,0.144*of,0.135*idea,0.048*the,0.019*exciting,0.003*is
3,0.198*of,0.198*this,0.178*the,0.162*exciting,0.161*idea,0.064*is,0.039*very
4,0.351*of,0.328*this,0.211*the,0.080*very,0.014*exciting,0.010*is,0.005*idea
5,0.575*the,0.118*idea,0.099*this,0.080*is,0.065*very,0.061*of,0.001*exciting
6,0.253*is,0.236*very,0.176*this,0.138*of,0.130*the,0.052*exciting,0.015*idea
7,0.252*is,0.219*of,0.165*this,0.140*idea,0.122*exciting,0.073*very,0.029*the
8,0.417*very,0.398*this,0.066*the,0.044*is,0.039*of,0.022*exciting,0.015*idea
9,0.440*is,0.233*exciting,0.146*of,0.076*this,0.060*very,0.035*the,0.010*idea
10,0.322*exciting,0.234*idea,0.164*very,0.121*is,0.080*of,0.064*the,0.015*this
11,0.400*of,0.251*idea,0.121*very,0.101*exciting,0.094*the,0.017*this,0.016*is
12,0.325*the,0.154*idea,0.142*exciting,0.115*this,0.115*is,0.075*of,0.074*very
13,0.317*very,0.305*exciting,0.147*idea,0.089*of,0.059*is,0.049*this,0.034*the
14,0.427*this,0.242*is,0.160*exciting,0.105*the,0.038*idea,0.015*of,0.013*very
15,0.335*of,0.324*very,0.145*is,0.125*this,0.032*idea,0.027*the,0.012*exciting
16,0.389*this,0.271*the,0.187*is,0.111*exciting,0.029*idea,0.012*of,0.002*very
17,0.247*idea,0.192*is,0.170*the,0.153*very,0.107*this,0.105*exciting,0.026*of
18,0.343*this,0.258*is,0.099*idea,0.096*very,0.077*exciting,0.069*of,0.058*the
19,0.366*exciting,0.207*is,0.147*the,0.138*this,0.079*idea,0.060*very,0.004*of
