Topic,Words
0,0.229*only,0.175*right,0.166*does,0.125*notifications,0.103*screen,0.093*good,0.048*the,0.038*on,0.021*that
1,0.402*only,0.178*that,0.130*right,0.062*on,0.057*good,0.057*notifications,0.057*does,0.056*the,0.001*screen
2,0.562*only,0.157*right,0.129*the,0.097*good,0.019*does,0.012*notifications,0.011*on,0.010*screen,0.004*that
3,0.284*screen,0.235*notifications,0.132*right,0.118*that,0.104*the,0.059*good,0.046*does,0.021*only,0.000*on
4,0.294*good,0.268*does,0.166*only,0.083*notifications,0.071*the,0.036*that,0.035*right,0.024*on,0.024*screen
5,0.390*good,0.169*only,0.127*on,0.120*right,0.086*that,0.051*notifications,0.025*screen,0.025*the,0.007*does
6,0.209*good,0.186*right,0.182*only,0.180*on,0.131*the,0.085*notifications,0.012*screen,0.007*does,0.006*that
7,0.316*the,0.183*only,0.179*notifications,0.129*does,0.104*screen,0.060*right,0.014*good,0.011*on,0.004*that
8,0.540*the,0.157*notifications,0.092*screen,0.066*on,0.066*that,0.045*does,0.021*only,0.012*good,0.001*right
9,0.358*notifications,0.236*good,0.112*right,0.102*does,0.072*that,0.063*screen,0.043*only,0.008*the,0.007*on
10,0.346*right,0.211*the,0.201*only,0.078*that,0.050*good,0.043*screen,0.038*notifications,0.029*does,0.005*on
11,0.476*does,0.191*screen,0.109*good,0.055*that,0.048*on,0.045*only,0.033*right,0.032*the,0.010*notifications
12,0.331*screen,0.179*does,0.159*good,0.100*on,0.099*notifications,0.050*only,0.049*the,0.026*that,0.008*right
13,0.266*that,0.217*notifications,0.160*screen,0.116*only,0.096*does,0.063*right,0.059*the,0.021*on,0.001*good
14,0.482*the,0.220*that,0.129*does,0.050*notifications,0.040*good,0.033*screen,0.021*on,0.015*only,0.010*right
15,0.471*the,0.254*does,0.107*right,0.088*only,0.035*on,0.019*screen,0.014*notifications,0.011*good,0.001*that
16,0.308*does,0.215*the,0.131*good,0.126*that,0.094*on,0.066*notifications,0.045*right,0.014*screen,0.001*only
17,0.330*right,0.186*that,0.165*screen,0.099*good,0.094*on,0.058*does,0.033*the,0.030*only,0.006*notifications
18,0.403*notifications,0.233*on,0.093*does,0.075*only,0.071*the,0.068*that,0.031*right,0.018*screen,0.010*good
19,0.326*good,0.184*right,0.137*notifications,0.123*on,0.082*only,0.072*screen,0.051*that,0.019*the,0.008*does
