Topic,Words
0,0.498*wallet,0.187*android,0.136*definitely,0.062*best,0.046*used,0.039*the,0.024*so,0.006*far
1,0.401*android,0.183*far,0.137*used,0.095*wallet,0.094*best,0.057*so,0.018*the,0.015*definitely
2,0.326*definitely,0.250*best,0.249*so,0.069*wallet,0.058*android,0.022*used,0.022*the,0.004*far
3,0.206*android,0.187*the,0.175*definitely,0.155*so,0.111*wallet,0.089*best,0.053*far,0.025*used
4,0.274*definitely,0.160*the,0.152*far,0.102*used,0.102*best,0.086*android,0.066*so,0.059*wallet
5,0.414*so,0.230*wallet,0.186*the,0.080*far,0.042*used,0.021*best,0.019*definitely,0.007*android
6,0.218*so,0.205*the,0.157*wallet,0.151*android,0.122*used,0.084*definitely,0.041*far,0.021*best
7,0.191*used,0.182*far,0.181*definitely,0.149*so,0.115*wallet,0.110*the,0.059*android,0.014*best
8,0.296*android,0.230*wallet,0.143*used,0.116*so,0.105*far,0.074*best,0.034*the,0.001*definitely
9,0.309*the,0.262*wallet,0.145*so,0.093*used,0.082*android,0.067*far,0.025*definitely,0.017*best
10,0.291*so,0.135*android,0.124*the,0.122*best,0.119*definitely,0.116*far,0.086*wallet,0.008*used
11,0.192*so,0.180*the,0.177*best,0.158*far,0.154*wallet,0.092*android,0.042*used,0.005*definitely
12,0.311*far,0.222*used,0.144*wallet,0.135*definitely,0.109*best,0.039*the,0.033*android,0.006*so
13,0.270*definitely,0.221*so,0.156*used,0.148*android,0.094*best,0.069*wallet,0.040*the,0.001*far
14,0.414*best,0.189*the,0.167*so,0.091*far,0.075*wallet,0.047*android,0.014*used,0.005*definitely
15,0.370*far,0.244*android,0.170*the,0.092*best,0.068*used,0.032*so,0.018*wallet,0.005*definitely
16,0.258*best,0.227*far,0.210*definitely,0.108*so,0.075*used,0.046*the,0.041*android,0.034*wallet
17,0.310*used,0.300*so,0.121*the,0.103*definitely,0.060*android,0.053*far,0.044*wallet,0.010*best
18,0.359*the,0.337*best,0.090*so,0.056*android,0.054*used,0.052*wallet,0.027*far,0.026*definitely
19,0.301*the,0.288*android,0.136*far,0.098*definitely,0.060*wallet,0.059*used,0.049*best,0.010*so
