Topic,Words
0,0.407*one,0.308*try,0.198*this,0.070*awesome,0.018*must
1,0.341*this,0.250*must,0.223*one,0.129*try,0.057*awesome
2,0.503*this,0.266*must,0.107*awesome,0.069*try,0.055*one
3,0.325*try,0.184*must,0.181*awesome,0.162*this,0.148*one
4,0.581*awesome,0.286*must,0.094*this,0.029*one,0.010*try
5,0.553*try,0.242*awesome,0.133*must,0.056*one,0.016*this
6,0.333*must,0.311*awesome,0.149*this,0.126*one,0.080*try
7,0.297*one,0.268*this,0.206*must,0.157*awesome,0.072*try
8,0.415*one,0.180*must,0.178*try,0.138*this,0.089*awesome
9,0.362*must,0.312*awesome,0.161*try,0.129*this,0.036*one
10,0.521*awesome,0.234*try,0.100*one,0.090*must,0.055*this
11,0.545*one,0.161*try,0.107*this,0.099*awesome,0.088*must
12,0.358*this,0.314*one,0.223*awesome,0.065*must,0.038*try
13,0.507*must,0.193*awesome,0.170*try,0.114*this,0.015*one
14,0.490*try,0.281*awesome,0.199*must,0.024*one,0.006*this
15,0.267*must,0.231*try,0.178*awesome,0.168*this,0.157*one
16,0.785*one,0.092*try,0.053*must,0.048*this,0.023*awesome
17,0.338*try,0.327*one,0.223*awesome,0.065*must,0.046*this
18,0.340*one,0.300*awesome,0.300*must,0.034*this,0.026*try
19,0.525*must,0.273*this,0.102*awesome,0.062*one,0.038*try
