Topic,Words
0,0.439*ever,0.291*tool,0.270*best
1,0.527*tool,0.456*ever,0.017*best
2,0.465*ever,0.350*best,0.185*tool
3,0.458*ever,0.367*tool,0.175*best
4,0.628*tool,0.371*ever,0.001*best
5,0.660*best,0.175*tool,0.165*ever
6,0.529*best,0.296*ever,0.174*tool
7,0.651*best,0.227*tool,0.122*ever
8,0.657*best,0.305*ever,0.038*tool
9,0.442*ever,0.349*best,0.208*tool
10,0.649*ever,0.185*best,0.166*tool
11,0.540*ever,0.433*tool,0.027*best
12,0.518*ever,0.275*best,0.207*tool
13,0.914*best,0.048*tool,0.038*ever
14,0.710*ever,0.154*tool,0.136*best
15,0.413*best,0.320*tool,0.267*ever
16,0.578*tool,0.422*ever,0.001*best
17,0.550*best,0.411*ever,0.039*tool
18,0.607*best,0.203*ever,0.190*tool
19,0.652*ever,0.256*best,0.092*tool
