Topic,Words
0,0.381*reader,0.180*that,0.146*u,0.140*also,0.052*i,0.043*install,0.040*like,0.017*this
1,0.227*like,0.200*reader,0.141*this,0.128*install,0.098*that,0.096*i,0.056*also,0.053*u
2,0.223*i,0.164*this,0.128*that,0.121*like,0.111*reader,0.099*install,0.092*also,0.063*u
3,0.247*reader,0.171*that,0.145*i,0.137*install,0.120*this,0.104*also,0.043*like,0.034*u
4,0.374*reader,0.269*that,0.124*install,0.093*i,0.056*also,0.048*u,0.020*this,0.018*like
5,0.287*this,0.285*u,0.150*that,0.139*also,0.085*i,0.040*install,0.013*reader,0.002*like
6,0.259*this,0.242*that,0.156*i,0.148*reader,0.109*install,0.035*u,0.032*like,0.020*also
7,0.395*this,0.141*like,0.126*also,0.124*that,0.103*u,0.046*install,0.040*reader,0.026*i
8,0.281*also,0.171*reader,0.170*this,0.170*install,0.100*u,0.069*that,0.039*like,0.000*i
9,0.475*reader,0.269*this,0.092*u,0.088*install,0.027*also,0.022*that,0.014*like,0.013*i
10,0.486*i,0.161*this,0.093*like,0.082*u,0.080*install,0.053*reader,0.027*that,0.018*also
11,0.342*like,0.145*install,0.139*u,0.116*i,0.082*also,0.079*that,0.069*reader,0.027*this
12,0.330*i,0.186*that,0.182*u,0.093*also,0.090*reader,0.088*this,0.017*install,0.014*like
13,0.231*u,0.215*also,0.178*reader,0.133*that,0.105*like,0.086*i,0.037*install,0.015*this
14,0.342*install,0.155*this,0.145*reader,0.082*i,0.079*u,0.076*that,0.069*also,0.052*like
15,0.430*u,0.321*also,0.081*install,0.059*this,0.048*like,0.037*that,0.023*i,0.001*reader
16,0.286*reader,0.269*this,0.217*install,0.076*i,0.061*that,0.056*also,0.021*like,0.013*u
17,0.345*that,0.253*this,0.196*u,0.097*reader,0.059*like,0.039*also,0.006*install,0.004*i
18,0.231*also,0.203*this,0.202*that,0.127*i,0.109*install,0.090*like,0.020*u,0.019*reader
19,0.272*like,0.266*also,0.160*this,0.099*i,0.094*install,0.053*u,0.033*that,0.023*reader
