Topic,Words
0,0.457*a,0.128*for,0.125*feeds,0.112*reasonably,0.080*at,0.038*of,0.034*list,0.020*least,0.006*big
1,0.179*feeds,0.174*reasonably,0.154*of,0.109*for,0.090*at,0.085*a,0.075*big,0.070*list,0.063*least
2,0.283*big,0.249*of,0.159*for,0.107*least,0.096*feeds,0.056*reasonably,0.028*list,0.018*a,0.004*at
3,0.349*list,0.256*of,0.119*least,0.086*at,0.069*a,0.043*big,0.038*feeds,0.035*for,0.003*reasonably
4,0.225*of,0.218*feeds,0.195*list,0.184*reasonably,0.135*for,0.017*at,0.017*a,0.005*big,0.004*least
5,0.256*reasonably,0.223*of,0.195*a,0.136*at,0.077*for,0.052*feeds,0.038*least,0.022*list,0.001*big
6,0.282*feeds,0.263*at,0.197*a,0.151*least,0.035*of,0.029*for,0.022*reasonably,0.012*big,0.008*list
7,0.359*list,0.246*for,0.127*a,0.107*at,0.056*big,0.051*feeds,0.031*of,0.020*reasonably,0.002*least
8,0.476*list,0.257*big,0.106*a,0.074*reasonably,0.058*for,0.014*of,0.010*at,0.004*feeds,0.002*least
9,0.551*feeds,0.122*at,0.096*reasonably,0.080*big,0.055*a,0.055*least,0.025*for,0.010*of,0.006*list
10,0.298*least,0.261*reasonably,0.260*big,0.100*a,0.034*list,0.026*of,0.010*feeds,0.007*for,0.005*at
11,0.272*feeds,0.264*at,0.174*big,0.082*list,0.074*a,0.068*reasonably,0.037*of,0.015*for,0.014*least
12,0.214*list,0.203*a,0.123*reasonably,0.116*least,0.103*feeds,0.085*for,0.070*at,0.046*big,0.039*of
13,0.455*reasonably,0.156*of,0.122*least,0.119*feeds,0.072*for,0.047*a,0.015*list,0.008*big,0.006*at
14,0.242*a,0.211*for,0.167*of,0.113*at,0.095*feeds,0.076*least,0.039*list,0.036*reasonably,0.022*big
15,0.330*list,0.259*least,0.138*reasonably,0.084*of,0.082*feeds,0.067*at,0.018*a,0.011*big,0.010*for
16,0.216*of,0.204*at,0.187*least,0.146*big,0.134*for,0.042*a,0.032*feeds,0.024*reasonably,0.015*list
17,0.299*feeds,0.156*least,0.119*of,0.115*list,0.089*a,0.087*reasonably,0.076*big,0.046*at,0.013*for
18,0.198*at,0.187*reasonably,0.139*big,0.124*of,0.111*list,0.090*feeds,0.081*a,0.038*least,0.032*for
19,0.232*for,0.224*a,0.155*list,0.145*least,0.138*reasonably,0.043*at,0.027*big,0.025*feeds,0.011*of
