Topic,Words
0,0.361*it,0.174*simple,0.145*says,0.143*and,0.092*does,0.055*clean,0.030*what
1,0.253*says,0.245*what,0.159*clean,0.123*does,0.087*and,0.076*it,0.056*simple
2,0.263*clean,0.205*what,0.142*says,0.131*and,0.098*it,0.091*does,0.071*simple
3,0.314*what,0.237*it,0.217*and,0.140*does,0.049*clean,0.024*simple,0.019*says
4,0.563*clean,0.208*does,0.118*it,0.057*what,0.035*simple,0.015*and,0.005*says
5,0.461*says,0.316*does,0.100*it,0.052*what,0.030*clean,0.021*and,0.020*simple
6,0.439*does,0.296*says,0.100*clean,0.066*and,0.057*what,0.042*simple,0.000*it
7,0.322*and,0.242*what,0.200*says,0.129*simple,0.074*does,0.017*it,0.015*clean
8,0.365*says,0.205*simple,0.176*and,0.069*it,0.069*what,0.064*does,0.052*clean
9,0.343*what,0.222*does,0.206*simple,0.138*it,0.073*clean,0.016*and,0.002*says
10,0.381*says,0.210*does,0.149*it,0.142*and,0.074*what,0.023*clean,0.021*simple
11,0.302*it,0.254*simple,0.144*says,0.108*clean,0.095*what,0.066*does,0.031*and
12,0.285*says,0.245*simple,0.124*it,0.108*clean,0.101*and,0.095*what,0.042*does
13,0.540*what,0.306*says,0.049*simple,0.048*and,0.040*does,0.011*clean,0.007*it
14,0.425*says,0.277*clean,0.158*it,0.092*what,0.027*does,0.019*and,0.001*simple
15,0.256*clean,0.237*it,0.224*simple,0.125*says,0.060*does,0.052*and,0.047*what
16,0.450*and,0.158*clean,0.134*it,0.123*what,0.072*simple,0.043*does,0.021*says
17,0.307*what,0.286*clean,0.173*says,0.166*simple,0.046*and,0.018*it,0.003*does
18,0.309*it,0.229*what,0.223*does,0.152*and,0.056*simple,0.023*says,0.008*clean
19,0.813*and,0.055*clean,0.033*says,0.031*what,0.027*it,0.021*simple,0.020*does
