Topic,Words
0,0.313*designed,0.281*simple,0.191*for,0.065*effective,0.059*great,0.029*it's,0.025*and,0.021*does,0.016*what
1,0.264*effective,0.162*great,0.148*what,0.147*and,0.108*designed,0.079*simple,0.051*for,0.033*does,0.009*it's
2,0.286*effective,0.207*simple,0.155*great,0.137*designed,0.101*it's,0.058*for,0.036*does,0.013*and,0.006*what
3,0.454*great,0.119*simple,0.110*effective,0.101*designed,0.073*does,0.061*and,0.057*for,0.022*it's,0.003*what
4,0.496*what,0.133*it's,0.102*great,0.090*effective,0.074*simple,0.054*and,0.024*for,0.019*designed,0.007*does
5,0.373*does,0.212*for,0.093*what,0.082*simple,0.081*it's,0.067*and,0.040*great,0.036*designed,0.016*effective
6,0.167*effective,0.165*what,0.146*for,0.132*it's,0.117*great,0.106*designed,0.095*does,0.058*and,0.014*simple
7,0.245*it's,0.174*and,0.136*what,0.128*effective,0.099*does,0.091*great,0.068*designed,0.044*for,0.016*simple
8,0.369*simple,0.213*it's,0.115*great,0.093*and,0.091*does,0.047*effective,0.042*for,0.020*what,0.010*designed
9,0.343*simple,0.160*designed,0.151*it's,0.102*great,0.082*does,0.055*what,0.052*effective,0.032*for,0.023*and
10,0.463*it's,0.220*what,0.098*and,0.074*does,0.067*simple,0.028*great,0.019*designed,0.016*effective,0.014*for
11,0.342*great,0.212*designed,0.172*effective,0.083*what,0.075*for,0.059*and,0.041*simple,0.016*does,0.001*it's
12,0.264*for,0.141*effective,0.125*and,0.116*great,0.110*what,0.081*designed,0.069*does,0.052*simple,0.044*it's
13,0.408*what,0.131*great,0.127*designed,0.102*does,0.087*and,0.050*it's,0.048*effective,0.044*for,0.004*simple
14,0.240*for,0.192*effective,0.147*what,0.099*does,0.089*and,0.065*designed,0.064*simple,0.063*great,0.041*it's
15,0.475*effective,0.143*for,0.131*it's,0.074*what,0.061*great,0.053*simple,0.049*and,0.013*does,0.001*designed
16,0.223*simple,0.211*does,0.181*designed,0.155*and,0.086*it's,0.068*what,0.054*great,0.016*effective,0.006*for
17,0.312*what,0.235*effective,0.138*it's,0.104*simple,0.102*does,0.050*great,0.044*for,0.009*and,0.006*designed
18,0.327*it's,0.217*for,0.167*and,0.106*does,0.052*great,0.045*effective,0.041*designed,0.028*what,0.016*simple
19,0.246*it's,0.203*simple,0.201*great,0.093*what,0.078*designed,0.078*and,0.044*effective,0.044*for,0.012*does
