Topic,Words
0,0.425*beautiful,0.248*mode,0.122*great,0.101*customizable,0.078*is,0.026*and
1,0.448*great,0.237*and,0.135*is,0.125*customizable,0.033*mode,0.022*beautiful
2,0.407*customizable,0.272*and,0.231*great,0.049*mode,0.022*is,0.019*beautiful
3,0.333*customizable,0.244*great,0.216*beautiful,0.150*mode,0.055*is,0.003*and
4,0.535*is,0.288*mode,0.071*beautiful,0.045*customizable,0.035*great,0.026*and
5,0.338*customizable,0.292*great,0.167*is,0.112*beautiful,0.074*mode,0.017*and
6,0.668*great,0.275*mode,0.028*is,0.017*and,0.012*customizable,0.000*beautiful
7,0.551*beautiful,0.156*is,0.146*great,0.079*customizable,0.047*and,0.021*mode
8,0.288*is,0.276*and,0.160*beautiful,0.139*mode,0.133*customizable,0.005*great
9,0.519*mode,0.240*is,0.155*great,0.063*customizable,0.016*beautiful,0.008*and
10,0.466*and,0.228*great,0.126*is,0.107*mode,0.070*customizable,0.004*beautiful
11,0.589*customizable,0.125*great,0.118*is,0.081*mode,0.053*beautiful,0.034*and
12,0.540*great,0.302*mode,0.061*and,0.051*beautiful,0.031*customizable,0.014*is
13,0.407*beautiful,0.232*great,0.205*is,0.062*mode,0.056*and,0.038*customizable
14,0.344*is,0.276*beautiful,0.153*mode,0.132*great,0.094*and,0.001*customizable
15,0.356*great,0.294*is,0.153*and,0.111*customizable,0.071*mode,0.015*beautiful
16,0.338*mode,0.206*great,0.174*and,0.129*beautiful,0.107*is,0.046*customizable
17,0.314*is,0.221*beautiful,0.158*and,0.152*great,0.119*mode,0.037*customizable
18,0.295*is,0.193*great,0.166*and,0.148*mode,0.124*customizable,0.074*beautiful
19,0.300*is,0.256*mode,0.200*beautiful,0.122*great,0.091*customizable,0.031*and
