Topic,Words
0,0.341*comprehensive,0.155*listen,0.143*to,0.142*own,0.140*rhymer,0.079*your
1,0.377*your,0.272*rhymer,0.211*own,0.084*comprehensive,0.044*listen,0.013*to
2,0.265*comprehensive,0.187*rhymer,0.183*to,0.170*your,0.153*own,0.042*listen
3,0.333*to,0.202*rhymer,0.157*comprehensive,0.124*listen,0.092*your,0.092*own
4,0.419*own,0.305*rhymer,0.128*comprehensive,0.079*your,0.058*listen,0.010*to
5,0.367*your,0.306*listen,0.165*rhymer,0.141*comprehensive,0.017*own,0.005*to
6,0.373*own,0.191*listen,0.164*rhymer,0.132*your,0.091*to,0.049*comprehensive
7,0.484*own,0.418*rhymer,0.051*comprehensive,0.035*to,0.006*your,0.006*listen
8,0.452*to,0.180*listen,0.138*your,0.084*comprehensive,0.076*rhymer,0.069*own
9,0.384*listen,0.328*own,0.116*comprehensive,0.084*your,0.049*to,0.039*rhymer
10,0.438*comprehensive,0.341*listen,0.166*rhymer,0.029*your,0.025*own,0.001*to
11,0.480*own,0.300*comprehensive,0.131*to,0.047*listen,0.023*rhymer,0.021*your
12,0.565*your,0.236*own,0.137*comprehensive,0.046*to,0.012*rhymer,0.005*listen
13,0.351*rhymer,0.311*comprehensive,0.136*own,0.127*listen,0.055*your,0.020*to
14,0.372*to,0.302*rhymer,0.103*comprehensive,0.096*own,0.082*listen,0.045*your
15,0.358*own,0.319*your,0.167*listen,0.104*comprehensive,0.044*rhymer,0.008*to
16,0.470*your,0.367*own,0.089*listen,0.044*to,0.025*rhymer,0.004*comprehensive
17,0.335*own,0.291*to,0.188*your,0.082*rhymer,0.059*comprehensive,0.044*listen
18,0.281*comprehensive,0.277*your,0.261*listen,0.104*rhymer,0.061*own,0.016*to
19,0.469*your,0.180*own,0.111*rhymer,0.094*comprehensive,0.091*listen,0.055*to
