Topic,Words
0,0.266*and,0.231*nicely,0.205*with,0.152*alpha,0.122*works,0.012*mail,0.009*fine,0.003*integrates
1,0.339*fine,0.218*works,0.172*nicely,0.154*mail,0.044*with,0.030*and,0.030*alpha,0.012*integrates
2,0.272*mail,0.202*with,0.141*nicely,0.110*and,0.104*fine,0.069*alpha,0.062*integrates,0.040*works
3,0.331*works,0.188*integrates,0.184*alpha,0.151*nicely,0.082*fine,0.041*mail,0.015*with,0.008*and
4,0.341*fine,0.174*integrates,0.150*and,0.119*with,0.109*alpha,0.064*nicely,0.036*works,0.008*mail
5,0.431*mail,0.150*and,0.128*integrates,0.100*nicely,0.081*fine,0.067*with,0.026*alpha,0.017*works
6,0.256*nicely,0.196*integrates,0.162*and,0.143*with,0.102*works,0.073*alpha,0.042*mail,0.026*fine
7,0.238*alpha,0.190*integrates,0.174*with,0.109*and,0.095*works,0.095*fine,0.074*nicely,0.026*mail
8,0.343*fine,0.229*mail,0.154*nicely,0.101*and,0.090*with,0.042*works,0.033*alpha,0.009*integrates
9,0.370*nicely,0.205*fine,0.163*integrates,0.071*and,0.071*with,0.050*alpha,0.048*mail,0.024*works
10,0.339*integrates,0.244*alpha,0.112*and,0.110*mail,0.077*works,0.052*with,0.038*nicely,0.028*fine
11,0.297*and,0.234*works,0.143*nicely,0.122*integrates,0.107*alpha,0.055*fine,0.035*mail,0.008*with
12,0.229*with,0.192*integrates,0.188*mail,0.128*and,0.116*alpha,0.076*works,0.059*fine,0.012*nicely
13,0.304*integrates,0.198*and,0.158*fine,0.131*mail,0.126*alpha,0.059*with,0.013*works,0.011*nicely
14,0.349*integrates,0.230*alpha,0.145*fine,0.080*works,0.080*and,0.072*with,0.035*mail,0.009*nicely
15,0.192*and,0.190*mail,0.178*integrates,0.178*works,0.157*nicely,0.073*fine,0.021*with,0.011*alpha
16,0.433*alpha,0.133*works,0.121*nicely,0.097*with,0.089*and,0.073*fine,0.034*mail,0.020*integrates
17,0.207*with,0.201*alpha,0.199*integrates,0.168*works,0.152*nicely,0.035*and,0.028*mail,0.009*fine
18,0.235*fine,0.212*integrates,0.175*nicely,0.148*mail,0.099*and,0.064*alpha,0.049*with,0.017*works
19,0.272*works,0.268*mail,0.155*nicely,0.091*alpha,0.078*fine,0.071*with,0.039*and,0.026*integrates
