Topic,Words
0,0.652*nice,0.267*source,0.045*open,0.036*and
1,0.572*nice,0.271*source,0.086*open,0.071*and
2,0.736*and,0.134*open,0.125*nice,0.005*source
3,0.465*nice,0.332*and,0.133*source,0.071*open
4,0.794*source,0.109*open,0.077*and,0.021*nice
5,0.592*and,0.331*open,0.074*source,0.003*nice
6,0.498*source,0.292*and,0.194*nice,0.016*open
7,0.488*and,0.237*nice,0.201*open,0.074*source
8,0.386*open,0.308*source,0.159*nice,0.147*and
9,0.426*open,0.334*and,0.217*nice,0.023*source
10,0.878*and,0.104*nice,0.014*open,0.004*source
11,0.618*source,0.211*open,0.169*and,0.002*nice
12,0.797*and,0.162*source,0.038*nice,0.004*open
13,0.429*nice,0.237*source,0.183*open,0.151*and
14,0.424*open,0.260*source,0.220*and,0.096*nice
15,0.670*source,0.254*and,0.039*nice,0.037*open
16,0.392*and,0.283*nice,0.165*open,0.160*source
17,0.507*nice,0.279*source,0.180*and,0.034*open
18,0.506*source,0.206*and,0.173*nice,0.115*open
19,0.504*and,0.343*source,0.089*nice,0.065*open
