Topic,Words
0,0.365*good,0.268*updating,0.169*perfectly,0.094*working,0.034*but,0.030*not,0.027*application,0.014*after
1,0.462*after,0.168*working,0.102*but,0.071*updating,0.069*not,0.054*application,0.052*good,0.019*perfectly
2,0.328*working,0.190*good,0.159*updating,0.144*application,0.064*not,0.055*perfectly,0.034*but,0.027*after
3,0.360*good,0.211*but,0.174*updating,0.104*application,0.078*working,0.042*perfectly,0.025*after,0.005*not
4,0.466*but,0.135*working,0.123*application,0.090*good,0.075*not,0.042*perfectly,0.037*updating,0.031*after
5,0.336*but,0.278*after,0.150*perfectly,0.072*good,0.070*working,0.048*application,0.037*not,0.010*updating
6,0.328*updating,0.202*after,0.141*application,0.138*but,0.097*good,0.063*working,0.024*not,0.007*perfectly
7,0.305*not,0.273*after,0.176*but,0.165*good,0.039*working,0.031*updating,0.007*application,0.004*perfectly
8,0.327*after,0.222*working,0.149*perfectly,0.136*not,0.095*but,0.056*application,0.012*good,0.003*updating
9,0.347*updating,0.191*after,0.186*perfectly,0.096*good,0.067*working,0.054*but,0.052*not,0.007*application
10,0.300*working,0.222*updating,0.196*but,0.121*not,0.089*application,0.055*good,0.012*after,0.004*perfectly
11,0.363*after,0.159*working,0.152*updating,0.132*application,0.094*good,0.051*but,0.046*not,0.002*perfectly
12,0.251*working,0.165*application,0.160*not,0.125*good,0.116*after,0.115*updating,0.049*perfectly,0.019*but
13,0.258*good,0.199*perfectly,0.190*updating,0.151*application,0.089*working,0.047*after,0.033*not,0.033*but
14,0.445*updating,0.310*working,0.073*good,0.067*application,0.051*but,0.036*not,0.010*perfectly,0.008*after
15,0.361*after,0.194*good,0.167*not,0.124*but,0.094*perfectly,0.029*working,0.024*updating,0.008*application
16,0.510*not,0.133*after,0.091*working,0.090*updating,0.072*but,0.044*good,0.033*perfectly,0.028*application
17,0.412*application,0.199*after,0.138*not,0.090*working,0.068*but,0.046*updating,0.035*good,0.012*perfectly
18,0.305*application,0.205*but,0.152*updating,0.147*perfectly,0.058*working,0.055*not,0.042*after,0.036*good
19,0.285*good,0.252*perfectly,0.144*but,0.142*updating,0.115*not,0.036*working,0.019*after,0.007*application
