Topic,Words
0,0.553*keep,0.096*maps,0.093*see,0.075*server,0.072*et,0.051*on,0.038*vi,0.022*pole
1,0.246*vi,0.163*pole,0.117*on,0.110*et,0.109*see,0.107*maps,0.079*server,0.070*keep
2,0.273*keep,0.215*vi,0.200*et,0.116*maps,0.098*server,0.054*see,0.029*pole,0.015*on
3,0.246*et,0.206*pole,0.176*server,0.131*vi,0.127*on,0.059*see,0.033*keep,0.022*maps
4,0.319*maps,0.164*see,0.136*et,0.116*on,0.109*server,0.067*vi,0.060*pole,0.029*keep
5,0.317*on,0.219*keep,0.124*maps,0.117*see,0.107*server,0.096*et,0.016*pole,0.005*vi
6,0.204*see,0.180*vi,0.139*et,0.139*keep,0.125*maps,0.091*server,0.078*pole,0.044*on
7,0.272*maps,0.168*on,0.154*pole,0.152*see,0.097*vi,0.084*keep,0.057*server,0.015*et
8,0.407*see,0.195*vi,0.132*on,0.112*maps,0.051*et,0.051*keep,0.031*pole,0.020*server
9,0.354*maps,0.285*vi,0.153*keep,0.096*pole,0.042*server,0.034*et,0.022*see,0.014*on
10,0.484*see,0.216*server,0.102*keep,0.065*maps,0.061*vi,0.052*pole,0.011*on,0.010*et
11,0.364*on,0.167*maps,0.167*vi,0.093*see,0.076*keep,0.068*server,0.060*pole,0.005*et
12,0.269*on,0.213*pole,0.211*keep,0.201*vi,0.039*et,0.030*see,0.027*maps,0.011*server
13,0.252*maps,0.244*et,0.203*vi,0.105*keep,0.092*pole,0.062*server,0.040*on,0.003*see
14,0.502*et,0.230*see,0.148*vi,0.061*pole,0.019*keep,0.018*server,0.014*on,0.007*maps
15,0.362*maps,0.251*et,0.100*keep,0.084*server,0.072*on,0.062*see,0.046*vi,0.023*pole
16,0.330*see,0.306*server,0.099*vi,0.092*maps,0.086*et,0.061*on,0.021*keep,0.005*pole
17,0.480*pole,0.118*see,0.111*vi,0.102*on,0.096*server,0.070*et,0.014*keep,0.009*maps
18,0.431*server,0.314*maps,0.133*et,0.050*vi,0.035*pole,0.020*see,0.013*on,0.004*keep
19,0.304*server,0.202*keep,0.201*see,0.131*vi,0.057*maps,0.050*on,0.039*pole,0.016*et
