Topic,Words
0,0.485*it,0.447*doesn't,0.058*read,0.010*passes
1,0.341*it,0.321*passes,0.225*doesn't,0.113*read
2,0.379*it,0.309*passes,0.204*doesn't,0.108*read
3,0.394*it,0.282*doesn't,0.177*read,0.147*passes
4,0.413*it,0.304*doesn't,0.158*passes,0.125*read
5,0.593*it,0.386*read,0.019*passes,0.002*doesn't
6,0.490*it,0.313*read,0.130*doesn't,0.068*passes
7,0.448*doesn't,0.397*it,0.153*passes,0.002*read
8,0.355*passes,0.270*read,0.242*it,0.133*doesn't
9,0.555*it,0.181*read,0.175*doesn't,0.089*passes
10,0.457*it,0.341*doesn't,0.113*passes,0.089*read
11,0.593*doesn't,0.245*it,0.110*passes,0.052*read
12,0.603*read,0.310*doesn't,0.075*it,0.012*passes
13,0.523*doesn't,0.419*it,0.030*read,0.028*passes
14,0.539*it,0.268*doesn't,0.191*read,0.003*passes
15,0.320*passes,0.257*read,0.253*it,0.171*doesn't
16,0.548*read,0.236*doesn't,0.209*passes,0.007*it
17,0.560*doesn't,0.286*read,0.114*it,0.041*passes
18,0.649*doesn't,0.169*it,0.110*read,0.073*passes
19,0.494*it,0.453*passes,0.039*read,0.014*doesn't
