Topic,Words
0,0.248*it's,0.198*more,0.181*fun,0.134*game,0.106*and,0.105*a,0.029*than
1,0.311*fun,0.304*and,0.130*game,0.096*than,0.077*a,0.043*it's,0.040*more
2,0.354*a,0.223*game,0.171*than,0.096*it's,0.061*fun,0.048*and,0.048*more
3,0.275*than,0.193*game,0.191*it's,0.122*fun,0.118*more,0.089*and,0.012*a
4,0.292*and,0.264*it's,0.183*game,0.131*more,0.061*a,0.041*than,0.027*fun
5,0.411*it's,0.206*than,0.156*fun,0.096*game,0.078*a,0.030*more,0.022*and
6,0.248*more,0.210*than,0.185*it's,0.174*and,0.083*fun,0.058*game,0.042*a
7,0.439*and,0.240*than,0.195*more,0.058*a,0.024*game,0.024*it's,0.020*fun
8,0.383*fun,0.352*and,0.162*more,0.053*a,0.023*game,0.022*it's,0.006*than
9,0.225*a,0.213*game,0.199*it's,0.108*more,0.095*fun,0.093*and,0.067*than
10,0.330*fun,0.174*game,0.152*than,0.106*it's,0.103*and,0.092*more,0.042*a
11,0.349*fun,0.204*and,0.166*game,0.127*more,0.065*than,0.059*it's,0.031*a
12,0.362*than,0.133*more,0.131*fun,0.131*game,0.122*and,0.114*it's,0.008*a
13,0.282*fun,0.262*and,0.162*more,0.115*a,0.071*than,0.060*game,0.047*it's
14,0.348*game,0.214*it's,0.167*than,0.103*fun,0.069*and,0.056*more,0.042*a
15,0.307*a,0.214*it's,0.193*more,0.172*fun,0.063*game,0.038*than,0.012*and
16,0.398*than,0.370*a,0.112*it's,0.057*game,0.053*fun,0.006*and,0.004*more
17,0.522*a,0.245*game,0.095*fun,0.056*more,0.054*and,0.023*it's,0.006*than
18,0.554*and,0.144*fun,0.096*more,0.081*than,0.050*it's,0.041*a,0.033*game
19,0.288*and,0.242*a,0.155*fun,0.135*it's,0.111*than,0.054*game,0.014*more
